index,timestamp,solar,cloudcover,windspeed,winddir
2022-08-02 00:00:00,1659416400,0.0,0.0,8.7,201.0
2022-08-02 01:00:00,1659420000,0.0,22.2,6.2,188.0
2022-08-02 02:00:00,1659423600,0.0,52.9,4.0,163.0
2022-08-02 03:00:00,1659427200,0.0,48.6,4.3,164.0
2022-08-02 04:00:00,1659430800,0.0,22.9,5.9,144.0
2022-08-02 05:00:00,1659434400,0.0,0.0,6.5,166.0
2022-08-02 06:00:00,1659438000,0.0,0.0,6.1,155.0
2022-08-02 07:00:00,1659441600,30.0,0.0,6.0,159.0
2022-08-02 08:00:00,1659445200,206.0,12.5,7.3,184.0
2022-08-02 09:00:00,1659448800,396.0,0.0,11.5,197.0
2022-08-02 10:00:00,1659452400,573.0,0.0,10.6,218.0
2022-08-02 11:00:00,1659456000,729.0,0.0,11.7,211.0
2022-08-02 12:00:00,1659459600,847.0,0.0,12.3,195.0
2022-08-02 13:00:00,1659463200,907.0,0.0,10.8,192.0
2022-08-02 14:00:00,1659466800,900.0,0.0,10.7,187.0
2022-08-02 15:00:00,1659470400,840.0,0.0,13.5,187.0
2022-08-02 16:00:00,1659474000,726.0,0.0,12.8,179.0
2022-08-02 17:00:00,1659477600,552.0,0.0,11.7,175.0
2022-08-02 18:00:00,1659481200,84.0,0.0,10.3,165.0
2022-08-02 19:00:00,1659484800,68.0,0.0,9.3,152.0
2022-08-02 20:00:00,1659488400,13.0,0.0,8.5,157.0
2022-08-02 21:00:00,1659492000,5.0,0.0,8.3,157.0
2022-08-02 22:00:00,1659495600,0.0,0.0,9.0,167.0
2022-08-02 23:00:00,1659499200,0.0,0.0,11.4,172.0
2022-08-03 00:00:00,1659502800,0.0,0.0,10.9,173.0
2022-08-03 01:00:00,1659506400,0.0,17.5,10.6,182.0
2022-08-03 02:00:00,1659510000,0.0,0.0,10.4,182.0
2022-08-03 03:00:00,1659513600,0.0,0.0,8.5,175.0
2022-08-03 04:00:00,1659517200,0.0,0.0,7.4,159.0
2022-08-03 05:00:00,1659520800,0.0,0.0,7.3,177.0
2022-08-03 06:00:00,1659524400,0.0,12.5,9.1,187.0
2022-08-03 07:00:00,1659528000,28.0,44.7,6.8,162.0
2022-08-03 08:00:00,1659531600,68.0,40.4,13.3,206.0
2022-08-03 09:00:00,1659535200,21.0,66.9,9.1,200.0
2022-08-03 10:00:00,1659538800,21.0,0.0,7.0,215.0
2022-08-03 11:00:00,1659542400,18.0,81.4,6.2,131.0
2022-08-03 12:00:00,1659546000,14.0,82.5,10.9,209.0
2022-08-03 13:00:00,1659549600,155.0,61.1,5.4,60.0
2022-08-03 14:00:00,1659553200,983.0,17.5,8.8,138.0
2022-08-03 15:00:00,1659556800,5.0,80.4,6.6,86.0
2022-08-03 16:00:00,1659560400,63.0,75.4,5.9,111.0
2022-08-03 17:00:00,1659564000,59.0,49.0,6.0,107.0
2022-08-03 18:00:00,1659567600,110.0,39.7,7.0,106.0
2022-08-03 19:00:00,1659571200,61.0,39.7,5.7,102.0
2022-08-03 20:00:00,1659574800,19.0,0.0,2.7,32.0
2022-08-03 21:00:00,1659578400,5.0,89.0,5.7,35.0
2022-08-03 22:00:00,1659582000,0.0,89.0,7.1,42.0
2022-08-03 23:00:00,1659585600,0.0,73.5,5.9,48.0
