dates,timestamp,solar,cloudcover,windspeed,winddir,precip,temp
2022-08-19 07:00:00,1660910400,25.0,100.0,10.1,240.6,0.0,63.9
2022-08-19 08:00:00,1660914000,48.0,100.0,10.3,241.1,0.0,64.7
2022-08-19 09:00:00,1660917600,114.0,100.0,9.4,245.0,0.0,65.4
2022-08-19 10:00:00,1660921200,279.0,100.0,11.2,217.9,0.0,67.2
2022-08-19 11:00:00,1660924800,282.0,100.0,12.3,218.0,0.0,67.4
2022-08-19 12:00:00,1660928400,281.0,100.0,11.9,210.1,0.01,67.9
2022-08-19 13:00:00,1660932000,584.0,83.0,4.5,187.8,0.0,68.3
2022-08-19 14:00:00,1660935600,538.0,32.0,4.0,147.8,0.0,70.6
2022-08-19 15:00:00,1660939200,639.0,32.0,5.8,160.9,0.0,72.8
2022-08-19 16:00:00,1660942800,556.0,24.0,5.4,164.2,0.0,73.8
2022-08-19 17:00:00,1660946400,281.0,66.0,4.9,146.6,0.0,74.0
2022-08-19 18:00:00,1660950000,274.0,72.0,5.8,131.7,0.0,74.0
2022-08-19 19:00:00,1660953600,2.0,100.0,5.6,175.7,0.28,66.6
2022-08-19 20:00:00,1660957200,7.0,57.0,4.5,349.6,0.06,66.6
2022-08-20 07:00:00,1660996800,40.0,15.0,4.9,21.6,0.0,60.3
2022-08-20 08:00:00,1661000400,125.0,100.0,5.6,19.5,0.0,61.4
2022-08-20 09:00:00,1661004000,241.0,100.0,4.9,18.1,0.0,63.4
2022-08-20 10:00:00,1661007600,327.0,100.0,6.7,4.9,0.0,65.6
2022-08-20 11:00:00,1661011200,483.0,100.0,6.5,11.7,0.0,67.9
2022-08-20 12:00:00,1661014800,514.0,96.0,6.7,14.8,0.0,70.2
2022-08-20 13:00:00,1661018400,319.0,100.0,10.1,16.7,0.0,69.3
2022-08-20 14:00:00,1661022000,306.0,64.8,10.3,23.5,0.0,72.1
2022-08-20 15:00:00,1661025600,238.0,21.8,10.5,14.7,0.0,74.0
2022-08-20 16:00:00,1661029200,188.0,20.3,12.5,11.1,0.0,73.1
2022-08-20 17:00:00,1661032800,184.0,13.6,11.2,11.7,0.0,72.1
2022-08-20 18:00:00,1661036400,46.0,71.4,11.6,2.3,0.0,70.6
2022-08-20 19:00:00,1661040000,26.0,100.0,9.8,18.1,0.0,69.2
2022-08-20 20:00:00,1661043600,2.0,100.0,11.6,15.0,0.0,69.3
